a <- c("1234567890","123 456 7890", "123.456.7890", "(123) 456 7890","(123) 456 78 90",
"123.456.78.90", "12 34 56 78 90","12.34.56.78.90", "call me at 1234567890 OR 1234567890")
